21.3
21.3
21.3
21.3
21.3
21.3
21.3
21.3
21.3
21.3
21.3
21.3
21.3
21.3
21.3
21.3
21.3
21.3
21.3
21.3
21.3
21.3
21.3
21.3
21.3
21.3
21.3
21.3
21.3
21.3
21.3
21.3
21.3
21.3
21.3
21.3
21.3
21.3
21.3
21.3
21.3
21.3
21.3
21.3
21.3
21.3
21.3
21.3
21.3
21.3
21.3
21.3
21.3
21.3
21.3
21.3
21.3
21.3
21.3
21.4
21.4
21.4
21.4
21.4
21.4
21.3
21.3
21.3
21.3
21.1
21.1
21.1
21.1
21.1
21.0
21.0
21.0
16.0
19.3
19.3
19.3
19.3
19.3
19.3
19.3
19.3
19.3
19.3
19.3
19.3
19.3
19.3
19.3
19.3
19.3
19.3
19.3
19.3
19.3
19.3
19.3
19.3
19.3
19.3
19.3
19.3
19.3
19.3
19.3
19.3
19.3
19.3
19.3
19.3
19.3
19.3
19.3
19.3
19.3
19.3
19.3
19.3
19.3
19.3
19.3
19.3
19.3
19.3
19.3
19.3
19.3
19.3
19.3
19.3
19.3
19.3
19.3
19.3
19.3
19.3
19.3
19.3
19.3
19.3
19.3
19.3
19.3
19.3
19.3
19.3
19.3
19.3
19.3
19.3
19.3
19.3
19.3
19.3
19.3
19.3
19.3
19.3
19.3
19.3
19.3
19.3
19.3
19.3
19.3
19.3
19.3
19.3
19.3
19.3
19.3
19.3
19.3
19.3
19.3
19.3
19.3
19.3
19.3
19.3
19.3
19.3
19.3
19.3
19.3
19.3
19.3
19.3
19.3
19.3
19.3
19.3
19.3
19.3
19.3
19.3
19.3
19.3
19.3
19.3
19.3
19.3
19.3
19.3
19.3
19.3
19.3
19.3
19.3
19.3
19.3
19.3
