2968
2971
2974
2977
2980
2980
2980
2980
2980
2980
2980
2980
2980
2980
2980
2980
2980
2980
2980
2980
2980
2980
2980
2980
2980
2980
2980
2980
2980
2980
2980
2980
2980
2980
2980
2980
2980
2980
2980
2980
2980
2980
2980
2980
2980
2980
2980
2980
2980
2980
2980
2980
2980
2980
2980
2980
2980
2980
2986
2990
2990
2996
2996
3004
3004
3010
3010
3016
3016
3022
3025
3025
3031
3031
3037
3040
3040
3423
4082
4082
4082
4082
4082
4082
4082
4082
4082
4082
4082
4082
4082
4082
4082
4082
4082
4082
4082
4082
4082
4082
4082
4082
4082
4082
4082
4082
4082
4082
4082
4082
4082
4082
4082
4082
4082
4082
4082
4082
4082
4082
4082
4082
4082
4082
4082
4082
4082
4082
4082
4082
4082
4082
4082
4082
4082
4082
4082
4082
4082
4082
4082
4082
4082
4082
4082
4082
4082
4082
4082
4082
4082
4082
4082
4082
4082
4082
4082
4082
4082
4082
4082
4082
4082
4082
4082
4082
4082
4082
4082
4082
4082
4082
4082
4082
4082
4082
4082
4082
4082
4082
4082
4082
4082
4082
4082
4082
4082
4082
4082
4082
4082
4082
4082
4082
4082
4082
4082
4082
4082
4082
4082
4082
4082
4082
4082
4082
4082
4082
4082
4082
4082
4082
4082
4082
4082
4082
